xAxis: [-0.06237828615518128, 0.9980525784828885, 0],
yAxis: [-0.656496410205578, -0.04103102563784911, -0.753212399209078],
zAxis: [-0.7517455771759031, -0.0469840985734945, 0.6577773800289155]